,now,doc,size(MB),storageSize(MB),chunk,insert_per_10sec
0,2016-03-25 11:02:39,0,,,0,0
1,2016-03-25 11:02:49,0,,,0,0
2,2016-03-25 11:02:59,79840,18.0,4.0,0,79840
3,2016-03-25 11:03:09,236332,56.0,16.0,0,156492
4,2016-03-25 11:03:20,443684,105.0,30.0,0,207352
5,2016-03-25 11:03:30,586964,139.0,39.0,0,143280
6,2016-03-25 11:03:40,777171,184.0,51.0,0,190207
7,2016-03-25 11:03:50,903724,214.0,60.0,0,126553
8,2016-03-25 11:04:00,1047802,248.0,69.0,0,144078
9,2016-03-25 11:04:11,1200511,284.0,83.0,0,152709
10,2016-03-25 11:04:21,1315611,311.0,90.0,0,115100
11,2016-03-25 11:04:31,1442164,341.0,99.0,0,126553
12,2016-03-25 11:04:41,1654207,392.0,116.0,0,212043
13,2016-03-25 11:04:52,1803620,427.0,125.0,0,149413
14,2016-03-25 11:05:02,1924674,456.0,134.0,0,121054
15,2016-03-25 11:05:12,2051227,486.0,143.0,0,126553
16,2016-03-25 11:05:22,2175016,515.0,153.0,0,123789
17,2016-03-25 11:05:32,2337247,554.0,164.0,0,162231
18,2016-03-25 11:05:43,2500473,592.0,175.0,0,163226
19,2016-03-25 11:05:53,2680203,635.0,188.0,0,179730
20,2016-03-25 11:06:03,2773213,657.0,194.0,0,93010
21,2016-03-25 11:06:13,2898388,687.0,204.0,0,125175
22,2016-03-25 11:06:24,3063138,726.0,215.0,0,164750
23,2016-03-25 11:06:34,3225500,764.0,227.0,0,162362
24,2016-03-25 11:06:44,3357358,796.0,236.0,0,131858
25,2016-03-25 11:06:54,3471250,822.0,243.0,0,113892
26,2016-03-25 11:07:05,3636542,863.0,255.0,0,165292
27,2016-03-25 11:07:15,3766884,893.0,264.0,0,130342
28,2016-03-25 11:07:25,3917098,928.0,276.0,0,150214
29,2016-03-25 11:07:36,4094399,970.0,287.0,0,177301
30,2016-03-25 11:07:46,4213562,998.0,297.0,0,119163
31,2016-03-25 11:07:56,4355464,1032.0,306.0,0,141902
32,2016-03-25 11:08:06,4516451,1071.0,318.0,0,160987
33,2016-03-25 11:08:17,4663654,1106.0,327.0,0,147203
34,2016-03-25 11:08:27,4825852,1144.0,338.0,0,162198
35,2016-03-25 11:08:37,4941171,1171.0,348.0,0,115319
36,2016-03-25 11:08:47,5094308,1208.0,357.0,0,153137
37,2016-03-25 11:08:58,5277061,1251.0,371.0,0,182753
38,2016-03-25 11:09:08,5421700,1285.0,380.0,0,144639
39,2016-03-25 11:09:18,5551937,1316.0,389.0,0,130237
40,2016-03-25 11:09:28,5705557,1352.0,401.0,0,153620
41,2016-03-25 11:09:39,5849498,1386.0,412.0,0,143941
42,2016-03-25 11:09:49,5976051,1416.0,420.0,0,126553
43,2016-03-25 11:09:59,6152207,1458.0,431.0,0,176156
44,2016-03-25 11:10:10,6280023,1488.0,441.0,0,127816
45,2016-03-25 11:10:20,6446446,1528.0,452.0,0,166423
46,2016-03-25 11:10:30,6570724,1557.0,461.0,0,124278
47,2016-03-25 11:10:41,6719786,1593.0,473.0,0,149062
48,2016-03-25 11:10:51,6823593,1618.0,480.0,0,103807
49,2016-03-25 11:11:01,7001353,1659.0,492.0,0,177760
50,2016-03-25 11:11:11,7141972,1693.0,503.0,0,140619
51,2016-03-25 11:11:22,7294564,1729.0,513.0,0,152592
52,2016-03-25 11:11:32,7454734,1767.0,524.0,0,160170
53,2016-03-25 11:11:42,7577609,1796.0,534.0,0,122875
54,2016-03-25 11:11:52,7785367,1845.0,547.0,0,207758
55,2016-03-25 11:12:03,7883525,1869.0,554.0,0,98158
56,2016-03-25 11:12:13,8034415,1905.0,566.0,0,150890
57,2016-03-25 11:12:23,8199080,1944.0,578.0,0,164665
58,2016-03-25 11:12:33,8293076,1966.0,584.0,0,93996
59,2016-03-25 11:12:44,8438620,2001.0,594.0,0,145544
60,2016-03-25 11:12:54,8599740,2038.0,605.0,0,161120
61,2016-03-25 11:13:04,8734932,2071.0,615.0,0,135192
62,2016-03-25 11:13:14,8888590,2107.0,626.0,0,153658
63,2016-03-25 11:13:24,9021510,2138.0,636.0,0,132920
64,2016-03-25 11:13:35,9166477,2173.0,645.0,0,144967
65,2016-03-25 11:13:45,9320403,2209.0,657.0,0,153926
66,2016-03-25 11:13:55,9470618,2245.0,666.0,0,150215
67,2016-03-25 11:14:06,9587254,2273.0,675.0,0,116636
68,2016-03-25 11:14:16,9741766,2309.0,687.0,0,154512
69,2016-03-25 11:14:26,9915805,2351.0,698.0,0,174039
70,2016-03-25 11:14:36,10043641,2381.0,708.0,0,127836
71,2016-03-25 11:14:47,10201022,2419.0,719.0,0,157381
72,2016-03-25 11:14:57,10350489,2453.0,729.0,0,149467
73,2016-03-25 11:15:07,10466330,2481.0,738.0,0,115841
74,2016-03-25 11:15:17,10594588,2512.0,747.0,0,128258
75,2016-03-25 11:15:27,10798193,2560.0,761.0,0,203605
76,2016-03-25 11:15:38,10924612,2590.0,770.0,0,126419
77,2016-03-25 11:15:48,11025813,2614.0,777.0,0,101201
78,2016-03-25 11:15:58,11224293,2661.0,791.0,0,198480
79,2016-03-25 11:16:08,11346754,2690.0,798.0,0,122461
80,2016-03-25 11:16:19,11462073,2717.0,807.0,0,115319
81,2016-03-25 11:16:29,11610288,2752.0,817.0,0,148215
82,2016-03-25 11:16:39,11776526,2792.0,830.0,0,166238
83,2016-03-25 11:16:49,11947381,2832.0,842.0,0,170855
84,2016-03-25 11:17:00,12061428,2859.0,849.0,0,114047
85,2016-03-25 11:17:10,12220850,2897.0,859.0,0,159422
86,2016-03-25 11:17:20,12336692,2924.0,868.0,0,115842
87,2016-03-25 11:17:31,12436287,2948.0,875.0,0,99595
88,2016-03-25 11:17:41,12611058,2989.0,889.0,0,174771
89,2016-03-25 11:17:51,12732181,3018.0,898.0,0,121123
90,2016-03-25 11:18:01,12859161,3049.0,905.0,0,126980
91,2016-03-25 11:18:12,13027115,3088.0,917.0,0,167954
92,2016-03-25 11:18:22,13160376,3120.0,927.0,0,133261
93,2016-03-25 11:18:32,13317879,3157.0,937.0,0,157503
94,2016-03-25 11:18:42,13491668,3198.0,951.0,0,173789
95,2016-03-25 11:18:53,13610548,3227.0,958.0,0,118880
96,2016-03-25 11:19:03,13722929,3253.0,968.0,0,112381
97,2016-03-25 11:19:13,13914233,3298.0,979.0,0,191304
98,2016-03-25 11:19:23,14029512,3326.0,989.0,0,115279
99,2016-03-25 11:19:33,14173076,3360.0,998.0,0,143564
100,2016-03-25 11:19:44,14330232,3397.0,1009.0,0,157156
101,2016-03-25 11:19:54,14475331,3431.0,1021.0,0,145099
102,2016-03-25 11:20:04,14638395,3470.0,1030.0,0,163064
103,2016-03-25 11:20:15,14784478,3505.0,1042.0,0,146083
104,2016-03-25 11:20:25,14897929,3532.0,1049.0,0,113451
105,2016-03-25 11:20:35,15006006,3558.0,1058.0,0,108077
106,2016-03-25 11:20:45,15113201,3583.0,1065.0,0,107195
107,2016-03-25 11:20:55,15168303,3596.0,1070.0,0,55102
108,2016-03-25 11:21:06,15292415,3625.0,1077.0,0,124112
109,2016-03-25 11:21:16,15376677,3645.0,1084.0,0,84262
110,2016-03-25 11:21:26,15469996,3667.0,1091.0,0,93319
111,2016-03-25 11:21:36,15530213,3682.0,1093.0,0,60217
112,2016-03-25 11:21:46,15530213,3682.0,1093.0,0,0
113,2016-03-25 11:21:57,15530213,3682.0,1095.0,0,0
